20 20
6 1 19 16 5 85 51 10 81 76 17 33 12 34 34 31 22 12 15 25
21 21
6 18 16 20 8 25 36 43 21 13 25 25 14 20 53 44 28 148 38 16 7
22 22
26 26 1 96 17 54 42 45 24 6 1 69 4 36 6 30 2 84 16 20 8 20
23 23
27 44 15 38 61 14 28 21 6 83 17 16 3 66 6 93 6 15 2 17 57 1 47
24 24
39 28 47 8 90 58 12 17 7 4 29 35 54 15 19 17 3 6 16 88 20 35 38 8
25 25
23 8 10 15 6 2 22 19 10 17 24 81 2 36 118 7 28 69 9 17 63 26 70 16 19
26 26
50 18 142 3 62 5 11 29 20 15 6 12 46 12 49 16 47 16 2 14 1 116 34 14 4 22
27 27
27 6 14 79 37 30 31 15 48 37 8 3 40 27 5 43 7 17 40 4 27 25 7 79 68 26 28
28 28
6 6 2 158 12 10 26 4 187 89 73 7 15 26 11 4 34 34 2 15 2 9 27 11 37 2 16 13
29 29
5 43 55 21 12 31 29 6 18 62 51 17 23 18 2 22 18 3 6 63 19 33 21 62 18 43 28 6 18
20 20
7 107 1 90 58 21 16 26 47 25 18 2 15 60 21 4 2 22 5 60
21 21
1 11 2 44 108 57 10 3 36 21 13 35 7 17 2 40 85 19 83 23 20
22 22
26 22 52 27 8 4 11 90 2 4 5 54 49 5 1 23 79 40 4 34 75 46
23 23
6 4 43 7 23 39 4 31 1 1 8 29 31 10 120 10 119 3 3 18 39 6 23
24 24
89 8 13 66 13 17 95 5 37 7 33 53 5 6 20 3 24 49 20 6 4 77 77 15
25 25
6 9 155 6 28 8 19 6 3 6 30 32 18 20 13 75 41 33 26 30 64 17 43 29 33
26 26
5 14 21 20 21 56 34 106 35 15 28 3 1 4 7 52 117 3 36 42 59 2 12 4 32 72
27 27
54 8 47 10 20 5 3 1 23 52 11 1 9 86 110 28 70 7 43 12 37 27 21 60 12 20 17
28 28
18 35 73 66 5 30 45 40 17 4 15 33 5 8 11 12 4 19 1 22 144 6 15 48 19 16 54 23
29 29
43 27 50 30 4 3 25 49 8 30 41 9 82 9 69 5 1 1 33 9 15 106 46 7 3 68 8 28 62
20 20
3 12 28 5 13 25 103 32 11 9 49 37 75 25 72 35 35 33 18 10
21 21
15 5 35 42 2 20 11 18 19 19 91 43 44 39 5 58 37 7 9 142 5
22 22
4 8 17 161 22 11 17 5 50 104 29 10 2 1 2 76 4 22 58 44 16 15
23 23
19 35 100 1 12 3 29 24 25 54 12 31 19 31 91 65 4 5 23 26 28 66 7
24 24
10 54 2 57 5 21 9 16 48 6 147 10 15 6 45 24 27 89 45 21 48 10 17 10
25 25
9 30 5 72 3 14 25 2 55 8 38 15 64 13 52 90 84 19 23 12 1 79 13 27 20
26 26
41 46 48 54 82 12 22 38 90 16 2 56 12 1 29 71 16 5 2 34 3 8 28 22 14 67
27 27
27 44 28 43 10 65 55 22 18 30 49 21 79 25 32 5 23 8 20 27 8 71 28 8 24 43 3
28 28
39 50 18 21 12 14 18 28 21 20 33 1 23 23 68 6 18 99 19 24 30 52 76 22 10 6 30 115
29 29
39 4 8 35 19 3 68 16 12 5 10 62 9 10 50 57 120 35 52 9 4 112 81 35 29 9 22 1 10
